16 1
23 1
24 1
25 1
17 2
26 2
27 2
15 3
18 3
28 3
29 3
5 4
15 4
29 4
4 5
15 5
30 5
33 6
34 6
35 6
21 7
36 7
37 7
12 8
20 8
38 8
39 8
12 9
22 9
40 9
11 10
22 10
41 10
42 10
10 11
41 11
42 11
8 12
9 12
39 12
19 13
35 13
36 13
30 14
31 14
32 14
33 14
3 15
4 15
5 15
29 15
1 16
23 16
24 16
2 17
25 17
26 17
3 18
27 18
28 18
13 19
35 19
36 19
8 20
38 20
39 20
7 21
37 21
38 21
9 22
10 22
40 22
41 22
1 23
16 23
24 23
1 24
16 24
23 24
25 24
1 25
17 25
24 25
26 25
2 26
17 26
25 26
2 27
18 27
28 27
3 28
18 28
27 28
29 28
3 29
4 29
15 29
28 29
5 30
14 30
31 30
32 30
14 31
30 31
32 31
33 31
14 32
30 32
31 32
33 32
34 32
6 33
14 33
31 33
32 33
34 33
6 34
32 34
33 34
6 35
13 35
19 35
36 35
7 36
13 36
19 36
35 36
7 37
21 37
38 37
8 38
20 38
21 38
37 38
8 39
12 39
20 39
9 40
22 40
41 40
10 41
11 41
22 41
40 41
42 41
10 42
11 42
41 42
